# OEIS Sequence Data (http://oeis.org/stripped.gz)
# Sample for tests
A000001 ,0,1,1,1,2,1,2,1,5,2,2,1,5,1,2,1,14,1,5,1,5,2,2,1,15,2,2,5,4,1,4,1,51,1,2,1,14,1,2,2,14,1,6,1,4,2,2,1,52,2,5,1,5,1,15,2,13,2,2,1,13,1,2,4,267,1,4,1,5,1,4,1,50,1,2,3,4,1,6,1,52,15,2,1,15,1,2,1,12,1,10,1,4,2,
A000002 ,1,2,2,1,1,2,1,2,2,1,2,2,1,1,2,1,1,2,2,1,2,1,1,2,1,2,2,1,1,2,1,1,2,1,2,2,1,2,2,1,1,2,1,2,2,1,2,1,1,2,1,1,2,2,1,2,2,1,1,2,1,2,2,1,2,2,1,1,2,1,1,2,1,2,2,1,2,1,1,2,2,1,2,2,1,1,2,1,2,2,1,2,2,1,1,2,1,1,2,2,1,2,1,1,2,1,2,2,
A000040 ,2,3,5,7,11,13,17,19,23,29,31,37,41,43,47,53,59,61,67,71,73,79,83,89,97,101,103,107,109,113,127,131,137,139,149,151,157,163,167,173,179,181,191,193,197,199,211,223,227,229,233,239,241,251,257,263,269,271,
A000045 ,0,1,1,2,3,5,8,13,21,34,55,89,144,233,377,610,987,1597,2584,4181,6765,10946,17711,28657,46368,75025,121393,196418,317811,514229,832040,1346269,2178309,3524578,5702887,9227465,14930352,24157817,39088169,63245986,102334155,
A000079 ,1,2,4,8,16,32,64,128,256,512,1024,2048,4096,8192,16384,32768,65536,131072,262144,524288,1048576,2097152,4194304,8388608,16777216,33554432,67108864,134217728,268435456,536870912,1073741824,2147483648,4294967296,8589934592,17179869184,
A000108 ,1,1,2,5,14,42,132,429,1430,4862,16796,58786,208012,742900,2674440,9694845,35357670,129644790,477638700,1767263190,6564120420,24466267020,91482563640,343059613650,1289904147324,4861946401452,18367353072152,69533550916004,263747951750360,1002242216651368,3814986502092304,
A000142 ,1,1,2,6,24,120,720,5040,40320,362880,3628800,39916800,479001600,6227020800,87178291200,1307674368000,20922789888000,355687428096000,6402373705728000,121645100408832000,2432902008176640000,51090942171709440000,1124000727777607680000,
A000217 ,0,1,3,6,10,15,21,28,36,45,55,66,78,91,105,120,136,153,171,190,210,231,253,276,300,325,351,378,406,435,465,496,528,561,595,630,666,703,741,780,820,861,903,946,990,1035,1081,1128,1176,1225,1275,1326,1378,1431,
A000290 ,0,1,4,9,16,25,36,49,64,81,100,121,144,169,196,225,256,289,324,361,400,441,484,529,576,625,676,729,784,841,900,961,1024,1089,1156,1225,1296,1369,1444,1521,1600,1681,1764,1849,1936,2025,2116,2209,2304,2401,2500,
A000796 ,3,1,4,1,5,9,2,6,5,3,5,8,9,7,9,3,2,3,8,4,6,2,6,4,3,3,8,3,2,7,9,5,0,2,8,8,4,1,9,7,1,6,9,3,9,9,3,7,5,1,0,5,8,2,0,9,7,4,9,4,4,5,9,2,3,0,7,8,1,6,4,0,6,2,8,6,2,0,8,9,9,8,6,2,8,0,3,4,8,2,5,3,4,2,1,1,7,0,6,7,9,8,2,1,4,
A001057 ,0,1,-1,2,-2,3,-3,4,-4,5,-5,6,-6,7,-7,8,-8,9,-9,10,-10,11,-11,12,-12,13,-13,14,-14,15,-15,16,-16,17,-17,18,-18,19,-19,20,-20,21,-21,22,-22,23,-23,24,-24,25,-25,26,-26,27,-27,28,-28,29,-29,30,-30,31,-31,
A005132 ,0,1,3,6,2,7,13,20,12,21,11,22,10,23,9,24,8,25,43,62,42,63,41,18,42,17,43,16,44,15,45,14,46,79,113,78,114,77,39,78,38,79,37,80,36,81,35,82,34,83,33,84,32,85,31,86,30,87,29,88,28,89,27,90,26,91,157,224,156,225,155,
A005150 ,1,11,21,1211,111221,312211,13112221,1113213211,31131211131221,13211311123113112211,11131221133112132113212221,3113112221232112111312211312113211,1321132132111213122112311311222113111221131221,11131221131211131231121113112221121321132132211331222113112211,311311222113111231131112132112311321322112111312211312111322212311322113212221,
